51.4965 -28.7901
51.4996 -28.7914
51.5001 -28.7936
51.5005 -28.7771
51.5006 -28.7877
51.5041 -28.7848
51.5043 -28.7866
51.5065 -28.692
51.5067 -28.7021
51.5073 -28.7707
51.5079 -28.6669
51.5087 -28.787
51.5088 -28.6681
51.5089 -28.6922
51.5089 -28.6738
51.509 -28.6751
51.5098 -28.7865
51.5116 -28.7056
51.5116 -28.7945
51.5123 -28.6471
51.5132 -28.7857
51.5142 -28.6695
51.5144 -28.7028
51.5143 -28.7062
51.5144 -28.7968
51.5146 -28.777
51.515 -28.7743
51.5151 -28.6446
51.5153 -28.6397
51.5156 -28.6706
51.5157 -28.6992
51.516 -28.6751
51.5168 -28.7712
51.5169 -28.7365
51.517 -28.801
51.5175 -28.8
51.5175 -28.7299
51.518 -28.638
51.5182 -28.7304
51.5182 -28.6466
51.5183 -28.7732
51.5186 -28.6385
51.519 -28.6572
51.5191 -28.7808
51.5193 -28.7312
51.5195 -28.6749
51.5195 -28.693
51.5195 -28.6446
51.5196 -28.654
51.5197 -28.6688
51.5198 -28.663
51.5198 -28.639
51.5198 -28.7897
51.5202 -28.5879
51.5205 -28.696
51.5208 -28.6943
51.5209 -28.7444
51.5212 -28.6513
51.5215 -28.6357
51.522 -28.7264
51.522 -28.7823
51.5221 -28.6512
51.5223 -28.6953
51.5224 -28.7903
51.5225 -28.7255
51.5226 -28.7282
51.5226 -28.7872
51.5227 -28.5711
51.5229 -28.5898
51.5233 -28.7222
51.5235 -28.6686
51.5235 -28.5944
51.5239 -28.5815
51.524 -28.7256
51.524 -28.7856
51.524 -28.7866
51.5243 -28.7035
51.5245 -28.6512
51.5247 -28.6884
51.5248 -28.7849
51.5249 -28.581
51.525 -28.747
51.5257 -28.5899
51.526 -28.7813
51.5261 -28.7852
51.5261 -28.709
51.5262 -28.7927
51.5262 -28.6472
51.5264 -28.5751
51.5266 -28.6369
51.5266 -28.7313
51.5272 -28.6517
51.5273 -28.7292
51.5275 -28.5959
51.5278 -28.7209
51.5279 -28.6659
51.528 -28.6965
51.5283 -28.5711
51.5287 -28.7192
51.5287 -28.6511